{
  "advancedEditorSelectedIdentifier" : "ProjectBrowser",
  "openSceneRelativePaths" : [
    "Scene.usda"
  ],
  "recentIdentifiers" : {
    "90C576A0-F90A-43B8-9998-14918A66F863" : [

    ]
  },
  "sceneCameraHistory" : {
    "4B72FA82-2554-42DC-B121-EFAD8A34C08C" : [
      {
        "date" : 711580344.01388597,
        "title" : "Untitled",
        "transform" : [
          1,
          0,
          0,
          0,
          0,
          0.86602538824081421,
          -0.50000005960464478,
          0,
          0,
          0.50000005960464478,
          0.86602538824081421,
          0,
          0,
          0.74463790655136108,
          1.2897506952285767,
          1
        ]
      }
    ],
    "90C576A0-F90A-43B8-9998-14918A66F863" : [
      {
        "date" : 711580564.08907902,
        "title" : "Untitled",
        "transform" : [
          0.78133350610733032,
          8.513188376468861e-09,
          0.62411367893218994,
          0,
          0.31712824106216431,
          0.86128294467926025,
          -0.39701569080352783,
          0,
          -0.53753846883773804,
          0.50812572240829468,
          0.67294919490814209,
          0,
          -0.61784780025482178,
          0.60343211889266968,
          0.78438729047775269,
          1
        ]
      },
      {
        "date" : 711580562.40763295,
        "title" : "Untitled",
        "transform" : [
          0.98874211311340332,
          5.2720161569652646e-10,
          0.14962944388389587,
          0,
          0.032582361251115799,
          0.97600376605987549,
          -0.2153022289276123,
          0,
          -0.14603888988494873,
          0.21775364875793457,
          0.96501600742340088,
          0,
          -0.16323913633823395,
          0.26610687375068665,
          1.1241307258605957,
          1
        ]
      },
      {
        "date" : 711580547.91691399,
        "title" : "Untitled",
        "transform" : [
          0.99957156181335449,
          8.560993580708498e-11,
          -0.029269276186823845,
          0,
          -0.0031018250156193972,
          0.9943687915802002,
          -0.10593005269765854,
          0,
          0.029104452580213547,
          0.105975441634655,
          0.99394267797470093,
          0,
          -0.290058434009552,
          0.38752889633178711,
          1.1408731937408447,
          1
        ]
      },
      {
        "date" : 711580514.00798202,
        "title" : "Untitled",
        "transform" : [
          0.92327272891998291,
          7.232326737494077e-09,
          0.38414508104324341,
          0,
          0.16981352865695953,
          0.89698755741119385,
          -0.40813800692558289,
          0,
          -0.34457337856292725,
          0.44205573201179504,
          0.82816421985626221,
          0,
          -0.42153793573379517,
          0.54079389572143555,
          1.0131444931030273,
          1
        ]
      },
      {
        "date" : 711580150.73478699,
        "title" : "Untitled",
        "transform" : [
          0.99737757444381714,
          -6.5765104473314295e-10,
          -0.072373516857624054,
          0,
          -0.027982205152511597,
          0.92223244905471802,
          -0.3856220543384552,
          0,
          0.066745199263095856,
          0.38663601875305176,
          0.91981393098831177,
          0,
          0.069017089903354645,
          0.39952090382575989,
          0.95196706056594849,
          1
        ]
      },
      {
        "date" : 711580056.64109004,
        "title" : "Untitled",
        "transform" : [
          0.99737757444381714,
          -6.5765104473314295e-10,
          -0.072373516857624054,
          0,
          -0.027982205152511597,
          0.92223244905471802,
          -0.3856220543384552,
          0,
          0.066745199263095856,
          0.38663601875305176,
          0.91981393098831177,
          0,
          0.072334885597229004,
          0.41901558637619019,
          0.9968453049659729,
          1
        ]
      },
      {
        "date" : 711580014.616539,
        "title" : "Untitled",
        "transform" : [
          1,
          0,
          0,
          0,
          0,
          0.86602550745010376,
          -0.49999985098838806,
          0,
          0,
          0.49999985098838806,
          0.86602550745010376,
          0,
          0,
          0.5418732762336731,
          0.93855226039886475,
          1
        ]
      }
    ],
    "53665AC3-A8AC-49BF-AE74-59111D6C946D" : [
      {
        "date" : 711580385.59787202,
        "title" : "Untitled",
        "transform" : [
          1,
          0,
          0,
          0,
          0,
          0.86602538824081421,
          -0.5,
          0,
          0,
          0.5,
          0.86602538824081421,
          0,
          0,
          0.27093476057052612,
          0.46927279233932495,
          1
        ]
      }
    ]
  }
}